id = 2
name = Los Santos Police Departament
x = 1552.275390 
y = -1675.504028
z = 16.195312
interior = 0
virtual_world = 0